T	ni_	nj_	nk_	size_	is_	ie_	js_	je_	ks_	ke_	nvars_	mem_size_	mem_type_	pre_step_type_	step_type_	post_step_type_	ncells_	flops_per_cell_	arith_intensity_	nsteps_	ndims_	elapsed_times_[0]	
float	64	64	64	262144	0	63	0	63	0	63	5	5242880	kMalloc	kNone	kNaive	kNone	262144	15	0.46875	5	1	0.000406944	
double	64	64	64	262144	0	63	0	63	0	63	5	10485760	kMalloc	kNone	kNaive	kNone	262144	15	0.234375	5	1	0.000753184	
float	64	64	64	262144	0	63	0	63	0	63	5	5242880	kMalloc	kNone	k1D	kNone	262144	15	0.46875	5	1	0.000414016	
double	64	64	64	262144	0	63	0	63	0	63	5	10485760	kMalloc	kNone	k1D	kNone	262144	15	0.234375	5	1	0.00074768	
float	64	64	64	262144	0	63	0	63	0	63	5	5242880	kPinned	kNone	kNaive	kNone	262144	15	0.46875	5	1	0.000404448	
double	64	64	64	262144	0	63	0	63	0	63	5	10485760	kPinned	kNone	kNaive	kNone	262144	15	0.234375	5	1	0.000736064	
float	64	64	64	262144	0	63	0	63	0	63	5	5242880	kPinned	kNone	k1D	kNone	262144	15	0.46875	5	1	0.000411584	
double	64	64	64	262144	0	63	0	63	0	63	5	10485760	kPinned	kNone	k1D	kNone	262144	15	0.234375	5	1	0.0007376	
float	64	64	64	262144	0	63	0	63	0	63	5	5242880	kUVM	kNone	kNaive	kNone	262144	15	0.46875	5	1	0.000424704	
double	64	64	64	262144	0	63	0	63	0	63	5	10485760	kUVM	kNone	kNaive	kNone	262144	15	0.234375	5	1	0.000761504	
float	64	64	64	262144	0	63	0	63	0	63	5	5242880	kUVM	kNone	k1D	kNone	262144	15	0.46875	5	1	0.000431328	
double	64	64	64	262144	0	63	0	63	0	63	5	10485760	kUVM	kNone	k1D	kNone	262144	15	0.234375	5	1	0.000759552	
float	64	64	64	262144	0	63	0	63	0	63	5	5242880	kMalloc	kNone	kNaive	kNone	262144	15	0.46875	5	1	0.000425824	
double	64	64	64	262144	0	63	0	63	0	63	5	10485760	kMalloc	kNone	kNaive	kNone	262144	15	0.234375	5	1	0.000771872	
float	64	64	64	262144	0	63	0	63	0	63	5	5242880	kMalloc	kNone	k1D	kNone	262144	15	0.46875	5	1	0.000436352	
double	64	64	64	262144	0	63	0	63	0	63	5	10485760	kMalloc	kNone	k1D	kNone	262144	15	0.234375	5	1	0.000753088	
float	64	64	64	262144	0	63	0	63	0	63	5	5242880	kPinned	kNone	kNaive	kNone	262144	15	0.46875	5	1	0.00042752	
double	64	64	64	262144	0	63	0	63	0	63	5	10485760	kPinned	kNone	kNaive	kNone	262144	15	0.234375	5	1	0.00075856	
float	64	64	64	262144	0	63	0	63	0	63	5	5242880	kPinned	kNone	k1D	kNone	262144	15	0.46875	5	1	0.000437728	
double	64	64	64	262144	0	63	0	63	0	63	5	10485760	kPinned	kNone	k1D	kNone	262144	15	0.234375	5	1	0.000752416	
float	64	64	64	262144	0	63	0	63	0	63	5	5242880	kUVM	kNone	kNaive	kNone	262144	15	0.46875	5	1	0.000430592	
double	64	64	64	262144	0	63	0	63	0	63	5	10485760	kUVM	kNone	kNaive	kNone	262144	15	0.234375	5	1	0.000753472	
float	64	64	64	262144	0	63	0	63	0	63	5	5242880	kUVM	kNone	k1D	kNone	262144	15	0.46875	5	1	0.000434976	
double	64	64	64	262144	0	63	0	63	0	63	5	10485760	kUVM	kNone	k1D	kNone	262144	15	0.234375	5	1	0.00075632	
float	64	64	64	262144	0	63	0	63	0	63	5	5242880	kMalloc	kNone	kNaive	kNone	262144	15	0.46875	5	1	0.000436544	
double	64	64	64	262144	0	63	0	63	0	63	5	10485760	kMalloc	kNone	kNaive	kNone	262144	15	0.234375	5	1	0.000765184	
float	64	64	64	262144	0	63	0	63	0	63	5	5242880	kMalloc	kNone	k1D	kNone	262144	15	0.46875	5	1	0.000450432	
double	64	64	64	262144	0	63	0	63	0	63	5	10485760	kMalloc	kNone	k1D	kNone	262144	15	0.234375	5	1	0.000755296	
float	64	64	64	262144	0	63	0	63	0	63	5	5242880	kPinned	kNone	kNaive	kNone	262144	15	0.46875	5	1	0.00043408	
double	64	64	64	262144	0	63	0	63	0	63	5	10485760	kPinned	kNone	kNaive	kNone	262144	15	0.234375	5	1	0.000756064	
float	64	64	64	262144	0	63	0	63	0	63	5	5242880	kPinned	kNone	k1D	kNone	262144	15	0.46875	5	1	0.000448768	
double	64	64	64	262144	0	63	0	63	0	63	5	10485760	kPinned	kNone	k1D	kNone	262144	15	0.234375	5	1	0.000750784	
float	64	64	64	262144	0	63	0	63	0	63	5	5242880	kUVM	kNone	kNaive	kNone	262144	15	0.46875	5	1	0.000435488	
double	64	64	64	262144	0	63	0	63	0	63	5	10485760	kUVM	kNone	kNaive	kNone	262144	15	0.234375	5	1	0.000755232	
float	64	64	64	262144	0	63	0	63	0	63	5	5242880	kUVM	kNone	k1D	kNone	262144	15	0.46875	5	1	0.000447648	
double	64	64	64	262144	0	63	0	63	0	63	5	10485760	kUVM	kNone	k1D	kNone	262144	15	0.234375	5	1	0.00075456	
float	64	64	64	262144	2	61	2	61	2	61	5	5242880	kMalloc	kNone	kNaive	kNone	216000	15	0.46875	5	1	0.000537152	
double	64	64	64	262144	2	61	2	61	2	61	5	10485760	kMalloc	kNone	kNaive	kNone	216000	15	0.234375	5	1	0.000865728	
float	64	64	64	262144	2	61	2	61	2	61	5	5242880	kMalloc	kNone	k1D	kNone	216000	15	0.46875	5	1	0.000548224	
double	64	64	64	262144	2	61	2	61	2	61	5	10485760	kMalloc	kNone	k1D	kNone	216000	15	0.234375	5	1	0.000872736	
float	64	64	64	262144	2	61	2	61	2	61	5	5242880	kPinned	kNone	kNaive	kNone	216000	15	0.46875	5	1	0.000529472	
double	64	64	64	262144	2	61	2	61	2	61	5	10485760	kPinned	kNone	kNaive	kNone	216000	15	0.234375	5	1	0.000860192	
float	64	64	64	262144	2	61	2	61	2	61	5	5242880	kPinned	kNone	k1D	kNone	216000	15	0.46875	5	1	0.000543264	
double	64	64	64	262144	2	61	2	61	2	61	5	10485760	kPinned	kNone	k1D	kNone	216000	15	0.234375	5	1	0.000879456	
float	64	64	64	262144	2	61	2	61	2	61	5	5242880	kUVM	kNone	kNaive	kNone	216000	15	0.46875	5	1	0.00054304	
double	64	64	64	262144	2	61	2	61	2	61	5	10485760	kUVM	kNone	kNaive	kNone	216000	15	0.234375	5	1	0.000860512	
float	64	64	64	262144	2	61	2	61	2	61	5	5242880	kUVM	kNone	k1D	kNone	216000	15	0.46875	5	1	0.000551264	
double	64	64	64	262144	2	61	2	61	2	61	5	10485760	kUVM	kNone	k1D	kNone	216000	15	0.234375	5	1	0.000872704	
float	64	64	64	262144	2	61	2	61	2	61	5	5242880	kMalloc	kNone	kNaive	kNone	216000	15	0.46875	5	1	0.000499232	
double	64	64	64	262144	2	61	2	61	2	61	5	10485760	kMalloc	kNone	kNaive	kNone	216000	15	0.234375	5	1	0.000814848	
float	64	64	64	262144	2	61	2	61	2	61	5	5242880	kMalloc	kNone	k1D	kNone	216000	15	0.46875	5	1	0.000546592	
double	64	64	64	262144	2	61	2	61	2	61	5	10485760	kMalloc	kNone	k1D	kNone	216000	15	0.234375	5	1	0.000874432	
float	64	64	64	262144	2	61	2	61	2	61	5	5242880	kPinned	kNone	kNaive	kNone	216000	15	0.46875	5	1	0.000497888	
double	64	64	64	262144	2	61	2	61	2	61	5	10485760	kPinned	kNone	kNaive	kNone	216000	15	0.234375	5	1	0.000811424	
float	64	64	64	262144	2	61	2	61	2	61	5	5242880	kPinned	kNone	k1D	kNone	216000	15	0.46875	5	1	0.000545664	
double	64	64	64	262144	2	61	2	61	2	61	5	10485760	kPinned	kNone	k1D	kNone	216000	15	0.234375	5	1	0.000872864	
float	64	64	64	262144	2	61	2	61	2	61	5	5242880	kUVM	kNone	kNaive	kNone	216000	15	0.46875	5	1	0.00049888	
double	64	64	64	262144	2	61	2	61	2	61	5	10485760	kUVM	kNone	kNaive	kNone	216000	15	0.234375	5	1	0.000806336	
float	64	64	64	262144	2	61	2	61	2	61	5	5242880	kUVM	kNone	k1D	kNone	216000	15	0.46875	5	1	0.000549632	
double	64	64	64	262144	2	61	2	61	2	61	5	10485760	kUVM	kNone	k1D	kNone	216000	15	0.234375	5	1	0.000871104	
float	64	64	64	262144	2	61	2	61	2	61	5	5242880	kMalloc	kNone	kNaive	kNone	216000	15	0.46875	5	1	0.00046272	
double	64	64	64	262144	2	61	2	61	2	61	5	10485760	kMalloc	kNone	kNaive	kNone	216000	15	0.234375	5	1	0.000760416	
float	64	64	64	262144	2	61	2	61	2	61	5	5242880	kMalloc	kNone	k1D	kNone	216000	15	0.46875	5	1	0.000549312	
double	64	64	64	262144	2	61	2	61	2	61	5	10485760	kMalloc	kNone	k1D	kNone	216000	15	0.234375	5	1	0.000882944	
float	64	64	64	262144	2	61	2	61	2	61	5	5242880	kPinned	kNone	kNaive	kNone	216000	15	0.46875	5	1	0.000472256	
double	64	64	64	262144	2	61	2	61	2	61	5	10485760	kPinned	kNone	kNaive	kNone	216000	15	0.234375	5	1	0.000753856	
float	64	64	64	262144	2	61	2	61	2	61	5	5242880	kPinned	kNone	k1D	kNone	216000	15	0.46875	5	1	0.00055344	
double	64	64	64	262144	2	61	2	61	2	61	5	10485760	kPinned	kNone	k1D	kNone	216000	15	0.234375	5	1	0.00087648	
float	64	64	64	262144	2	61	2	61	2	61	5	5242880	kUVM	kNone	kNaive	kNone	216000	15	0.46875	5	1	0.00046848	
double	64	64	64	262144	2	61	2	61	2	61	5	10485760	kUVM	kNone	kNaive	kNone	216000	15	0.234375	5	1	0.000758688	
float	64	64	64	262144	2	61	2	61	2	61	5	5242880	kUVM	kNone	k1D	kNone	216000	15	0.46875	5	1	0.000555168	
double	64	64	64	262144	2	61	2	61	2	61	5	10485760	kUVM	kNone	k1D	kNone	216000	15	0.234375	5	1	0.000876896	
float	256	256	256	16777216	0	255	0	255	0	255	5	335544320	kMalloc	kNone	kNaive	kNone	16777216	15	0.46875	5	1	0.0232259	
double	256	256	256	16777216	0	255	0	255	0	255	5	671088640	kMalloc	kNone	kNaive	kNone	16777216	15	0.234375	5	1	0.0485843	
float	256	256	256	16777216	0	255	0	255	0	255	5	335544320	kMalloc	kNone	k1D	kNone	16777216	15	0.46875	5	1	0.0235509	
double	256	256	256	16777216	0	255	0	255	0	255	5	671088640	kMalloc	kNone	k1D	kNone	16777216	15	0.234375	5	1	0.0481194	
float	256	256	256	16777216	0	255	0	255	0	255	5	335544320	kPinned	kNone	kNaive	kNone	16777216	15	0.46875	5	1	0.0232262	
double	256	256	256	16777216	0	255	0	255	0	255	5	671088640	kPinned	kNone	kNaive	kNone	16777216	15	0.234375	5	1	0.0488236	
float	256	256	256	16777216	0	255	0	255	0	255	5	335544320	kPinned	kNone	k1D	kNone	16777216	15	0.46875	5	1	0.0235949	
double	256	256	256	16777216	0	255	0	255	0	255	5	671088640	kPinned	kNone	k1D	kNone	16777216	15	0.234375	5	1	0.0484935	
float	256	256	256	16777216	0	255	0	255	0	255	5	335544320	kUVM	kNone	kNaive	kNone	16777216	15	0.46875	5	1	0.0232351	
double	256	256	256	16777216	0	255	0	255	0	255	5	671088640	kUVM	kNone	kNaive	kNone	16777216	15	0.234375	5	1	0.0491308	
float	256	256	256	16777216	0	255	0	255	0	255	5	335544320	kUVM	kNone	k1D	kNone	16777216	15	0.46875	5	1	0.023606	
double	256	256	256	16777216	0	255	0	255	0	255	5	671088640	kUVM	kNone	k1D	kNone	16777216	15	0.234375	5	1	0.0488122	
float	256	256	256	16777216	0	255	0	255	0	255	5	335544320	kMalloc	kNone	kNaive	kNone	16777216	15	0.46875	5	1	0.023513	
double	256	256	256	16777216	0	255	0	255	0	255	5	671088640	kMalloc	kNone	kNaive	kNone	16777216	15	0.234375	5	1	0.0475178	
float	256	256	256	16777216	0	255	0	255	0	255	5	335544320	kMalloc	kNone	k1D	kNone	16777216	15	0.46875	5	1	0.0238906	
double	256	256	256	16777216	0	255	0	255	0	255	5	671088640	kMalloc	kNone	k1D	kNone	16777216	15	0.234375	5	1	0.046521	
float	256	256	256	16777216	0	255	0	255	0	255	5	335544320	kPinned	kNone	kNaive	kNone	16777216	15	0.46875	5	1	0.0235052	
double	256	256	256	16777216	0	255	0	255	0	255	5	671088640	kPinned	kNone	kNaive	kNone	16777216	15	0.234375	5	1	0.0481506	
float	256	256	256	16777216	0	255	0	255	0	255	5	335544320	kPinned	kNone	k1D	kNone	16777216	15	0.46875	5	1	0.0239647	
double	256	256	256	16777216	0	255	0	255	0	255	5	671088640	kPinned	kNone	k1D	kNone	16777216	15	0.234375	5	1	0.0476642	
float	256	256	256	16777216	0	255	0	255	0	255	5	335544320	kUVM	kNone	kNaive	kNone	16777216	15	0.46875	5	1	0.0235134	
double	256	256	256	16777216	0	255	0	255	0	255	5	671088640	kUVM	kNone	kNaive	kNone	16777216	15	0.234375	5	1	0.0484946	
float	256	256	256	16777216	0	255	0	255	0	255	5	335544320	kUVM	kNone	k1D	kNone	16777216	15	0.46875	5	1	0.0239514	
double	256	256	256	16777216	0	255	0	255	0	255	5	671088640	kUVM	kNone	k1D	kNone	16777216	15	0.234375	5	1	0.0481357	
float	256	256	256	16777216	0	255	0	255	0	255	5	335544320	kMalloc	kNone	kNaive	kNone	16777216	15	0.46875	5	1	0.0239255	
double	256	256	256	16777216	0	255	0	255	0	255	5	671088640	kMalloc	kNone	kNaive	kNone	16777216	15	0.234375	5	1	0.0473498	
float	256	256	256	16777216	0	255	0	255	0	255	5	335544320	kMalloc	kNone	k1D	kNone	16777216	15	0.46875	5	1	0.0244518	
double	256	256	256	16777216	0	255	0	255	0	255	5	671088640	kMalloc	kNone	k1D	kNone	16777216	15	0.234375	5	1	0.0460043	
float	256	256	256	16777216	0	255	0	255	0	255	5	335544320	kPinned	kNone	kNaive	kNone	16777216	15	0.46875	5	1	0.0239249	
double	256	256	256	16777216	0	255	0	255	0	255	5	671088640	kPinned	kNone	kNaive	kNone	16777216	15	0.234375	5	1	0.0477178	
float	256	256	256	16777216	0	255	0	255	0	255	5	335544320	kPinned	kNone	k1D	kNone	16777216	15	0.46875	5	1	0.0245042	
double	256	256	256	16777216	0	255	0	255	0	255	5	671088640	kPinned	kNone	k1D	kNone	16777216	15	0.234375	5	1	0.0472008	
float	256	256	256	16777216	0	255	0	255	0	255	5	335544320	kUVM	kNone	kNaive	kNone	16777216	15	0.46875	5	1	0.0239258	
double	256	256	256	16777216	0	255	0	255	0	255	5	671088640	kUVM	kNone	kNaive	kNone	16777216	15	0.234375	5	1	0.0479968	
float	256	256	256	16777216	0	255	0	255	0	255	5	335544320	kUVM	kNone	k1D	kNone	16777216	15	0.46875	5	1	0.0245177	
double	256	256	256	16777216	0	255	0	255	0	255	5	671088640	kUVM	kNone	k1D	kNone	16777216	15	0.234375	5	1	0.0476706	
float	256	256	256	16777216	2	253	2	253	2	253	5	335544320	kMalloc	kNone	kNaive	kNone	16003008	15	0.46875	5	1	0.0281913	
double	256	256	256	16777216	2	253	2	253	2	253	5	671088640	kMalloc	kNone	kNaive	kNone	16003008	15	0.234375	5	1	0.0497304	
float	256	256	256	16777216	2	253	2	253	2	253	5	335544320	kMalloc	kNone	k1D	kNone	16003008	15	0.46875	5	1	0.0300209	
double	256	256	256	16777216	2	253	2	253	2	253	5	671088640	kMalloc	kNone	k1D	kNone	16003008	15	0.234375	5	1	0.0516382	
float	256	256	256	16777216	2	253	2	253	2	253	5	335544320	kPinned	kNone	kNaive	kNone	16003008	15	0.46875	5	1	0.0282162	
double	256	256	256	16777216	2	253	2	253	2	253	5	671088640	kPinned	kNone	kNaive	kNone	16003008	15	0.234375	5	1	0.0499037	
float	256	256	256	16777216	2	253	2	253	2	253	5	335544320	kPinned	kNone	k1D	kNone	16003008	15	0.46875	5	1	0.0299683	
double	256	256	256	16777216	2	253	2	253	2	253	5	671088640	kPinned	kNone	k1D	kNone	16003008	15	0.234375	5	1	0.0516464	
float	256	256	256	16777216	2	253	2	253	2	253	5	335544320	kUVM	kNone	kNaive	kNone	16003008	15	0.46875	5	1	0.0281885	
double	256	256	256	16777216	2	253	2	253	2	253	5	671088640	kUVM	kNone	kNaive	kNone	16003008	15	0.234375	5	1	0.0500835	
float	256	256	256	16777216	2	253	2	253	2	253	5	335544320	kUVM	kNone	k1D	kNone	16003008	15	0.46875	5	1	0.0299501	
double	256	256	256	16777216	2	253	2	253	2	253	5	671088640	kUVM	kNone	k1D	kNone	16003008	15	0.234375	5	1	0.0519226	
float	256	256	256	16777216	2	253	2	253	2	253	5	335544320	kMalloc	kNone	kNaive	kNone	16003008	15	0.46875	5	1	0.0285378	
double	256	256	256	16777216	2	253	2	253	2	253	5	671088640	kMalloc	kNone	kNaive	kNone	16003008	15	0.234375	5	1	0.0513613	
float	256	256	256	16777216	2	253	2	253	2	253	5	335544320	kMalloc	kNone	k1D	kNone	16003008	15	0.46875	5	1	0.0300217	
double	256	256	256	16777216	2	253	2	253	2	253	5	671088640	kMalloc	kNone	k1D	kNone	16003008	15	0.234375	5	1	0.0517913	
float	256	256	256	16777216	2	253	2	253	2	253	5	335544320	kPinned	kNone	kNaive	kNone	16003008	15	0.46875	5	1	0.0285697	
double	256	256	256	16777216	2	253	2	253	2	253	5	671088640	kPinned	kNone	kNaive	kNone	16003008	15	0.234375	5	1	0.0513364	
float	256	256	256	16777216	2	253	2	253	2	253	5	335544320	kPinned	kNone	k1D	kNone	16003008	15	0.46875	5	1	0.029988	
double	256	256	256	16777216	2	253	2	253	2	253	5	671088640	kPinned	kNone	k1D	kNone	16003008	15	0.234375	5	1	0.0517334	
float	256	256	256	16777216	2	253	2	253	2	253	5	335544320	kUVM	kNone	kNaive	kNone	16003008	15	0.46875	5	1	0.0285527	
double	256	256	256	16777216	2	253	2	253	2	253	5	671088640	kUVM	kNone	kNaive	kNone	16003008	15	0.234375	5	1	0.0515661	
float	256	256	256	16777216	2	253	2	253	2	253	5	335544320	kUVM	kNone	k1D	kNone	16003008	15	0.46875	5	1	0.0299794	
double	256	256	256	16777216	2	253	2	253	2	253	5	671088640	kUVM	kNone	k1D	kNone	16003008	15	0.234375	5	1	0.0520362	
float	256	256	256	16777216	2	253	2	253	2	253	5	335544320	kMalloc	kNone	kNaive	kNone	16003008	15	0.46875	5	1	0.0297854	
double	256	256	256	16777216	2	253	2	253	2	253	5	671088640	kMalloc	kNone	kNaive	kNone	16003008	15	0.234375	5	1	0.0521429	
float	256	256	256	16777216	2	253	2	253	2	253	5	335544320	kMalloc	kNone	k1D	kNone	16003008	15	0.46875	5	1	0.0303649	
double	256	256	256	16777216	2	253	2	253	2	253	5	671088640	kMalloc	kNone	k1D	kNone	16003008	15	0.234375	5	1	0.0522461	
float	256	256	256	16777216	2	253	2	253	2	253	5	335544320	kPinned	kNone	kNaive	kNone	16003008	15	0.46875	5	1	0.0297994	
double	256	256	256	16777216	2	253	2	253	2	253	5	671088640	kPinned	kNone	kNaive	kNone	16003008	15	0.234375	5	1	0.0520396	
float	256	256	256	16777216	2	253	2	253	2	253	5	335544320	kPinned	kNone	k1D	kNone	16003008	15	0.46875	5	1	0.0302954	
double	256	256	256	16777216	2	253	2	253	2	253	5	671088640	kPinned	kNone	k1D	kNone	16003008	15	0.234375	5	1	0.0520881	
float	256	256	256	16777216	2	253	2	253	2	253	5	335544320	kUVM	kNone	kNaive	kNone	16003008	15	0.46875	5	1	0.0297937	
double	256	256	256	16777216	2	253	2	253	2	253	5	671088640	kUVM	kNone	kNaive	kNone	16003008	15	0.234375	5	1	0.0523712	
float	256	256	256	16777216	2	253	2	253	2	253	5	335544320	kUVM	kNone	k1D	kNone	16003008	15	0.46875	5	1	0.0303074	
double	256	256	256	16777216	2	253	2	253	2	253	5	671088640	kUVM	kNone	k1D	kNone	16003008	15	0.234375	5	1	0.052378	
float	512	128	128	8388608	0	511	0	127	0	127	5	167772160	kMalloc	kNone	kNaive	kNone	8388608	15	0.46875	5	1	0.011769	
double	512	128	128	8388608	0	511	0	127	0	127	5	335544320	kMalloc	kNone	kNaive	kNone	8388608	15	0.234375	5	1	0.0241038	
float	512	128	128	8388608	0	511	0	127	0	127	5	167772160	kMalloc	kNone	k1D	kNone	8388608	15	0.46875	5	1	0.0119997	
double	512	128	128	8388608	0	511	0	127	0	127	5	335544320	kMalloc	kNone	k1D	kNone	8388608	15	0.234375	5	1	0.0234158	
float	512	128	128	8388608	0	511	0	127	0	127	5	167772160	kPinned	kNone	kNaive	kNone	8388608	15	0.46875	5	1	0.0117699	
double	512	128	128	8388608	0	511	0	127	0	127	5	335544320	kPinned	kNone	kNaive	kNone	8388608	15	0.234375	5	1	0.0236995	
float	512	128	128	8388608	0	511	0	127	0	127	5	167772160	kPinned	kNone	k1D	kNone	8388608	15	0.46875	5	1	0.0119984	
double	512	128	128	8388608	0	511	0	127	0	127	5	335544320	kPinned	kNone	k1D	kNone	8388608	15	0.234375	5	1	0.0235452	
float	512	128	128	8388608	0	511	0	127	0	127	5	167772160	kUVM	kNone	kNaive	kNone	8388608	15	0.46875	5	1	0.0117559	
double	512	128	128	8388608	0	511	0	127	0	127	5	335544320	kUVM	kNone	kNaive	kNone	8388608	15	0.234375	5	1	0.0236907	
float	512	128	128	8388608	0	511	0	127	0	127	5	167772160	kUVM	kNone	k1D	kNone	8388608	15	0.46875	5	1	0.0119977	
double	512	128	128	8388608	0	511	0	127	0	127	5	335544320	kUVM	kNone	k1D	kNone	8388608	15	0.234375	5	1	0.0235399	
float	512	128	128	8388608	0	511	0	127	0	127	5	167772160	kMalloc	kNone	kNaive	kNone	8388608	15	0.46875	5	1	0.0119613	
double	512	128	128	8388608	0	511	0	127	0	127	5	335544320	kMalloc	kNone	kNaive	kNone	8388608	15	0.234375	5	1	0.0239341	
float	512	128	128	8388608	0	511	0	127	0	127	5	167772160	kMalloc	kNone	k1D	kNone	8388608	15	0.46875	5	1	0.0122835	
double	512	128	128	8388608	0	511	0	127	0	127	5	335544320	kMalloc	kNone	k1D	kNone	8388608	15	0.234375	5	1	0.0232243	
float	512	128	128	8388608	0	511	0	127	0	127	5	167772160	kPinned	kNone	kNaive	kNone	8388608	15	0.46875	5	1	0.0119691	
double	512	128	128	8388608	0	511	0	127	0	127	5	335544320	kPinned	kNone	kNaive	kNone	8388608	15	0.234375	5	1	0.0234253	
float	512	128	128	8388608	0	511	0	127	0	127	5	167772160	kPinned	kNone	k1D	kNone	8388608	15	0.46875	5	1	0.0122895	
double	512	128	128	8388608	0	511	0	127	0	127	5	335544320	kPinned	kNone	k1D	kNone	8388608	15	0.234375	5	1	0.0232584	
float	512	128	128	8388608	0	511	0	127	0	127	5	167772160	kUVM	kNone	kNaive	kNone	8388608	15	0.46875	5	1	0.0119714	
double	512	128	128	8388608	0	511	0	127	0	127	5	335544320	kUVM	kNone	kNaive	kNone	8388608	15	0.234375	5	1	0.0234083	
float	512	128	128	8388608	0	511	0	127	0	127	5	167772160	kUVM	kNone	k1D	kNone	8388608	15	0.46875	5	1	0.0122729	
double	512	128	128	8388608	0	511	0	127	0	127	5	335544320	kUVM	kNone	k1D	kNone	8388608	15	0.234375	5	1	0.02321	
float	512	128	128	8388608	2	509	2	125	2	125	5	167772160	kMalloc	kNone	kNaive	kNone	7811008	15	0.46875	5	1	0.0132755	
double	512	128	128	8388608	2	509	2	125	2	125	5	335544320	kMalloc	kNone	kNaive	kNone	7811008	15	0.234375	5	1	0.0239053	
float	512	128	128	8388608	2	509	2	125	2	125	5	167772160	kMalloc	kNone	k1D	kNone	7811008	15	0.46875	5	1	0.0141665	
double	512	128	128	8388608	2	509	2	125	2	125	5	335544320	kMalloc	kNone	k1D	kNone	7811008	15	0.234375	5	1	0.0246113	
float	512	128	128	8388608	2	509	2	125	2	125	5	167772160	kPinned	kNone	kNaive	kNone	7811008	15	0.46875	5	1	0.0132586	
double	512	128	128	8388608	2	509	2	125	2	125	5	335544320	kPinned	kNone	kNaive	kNone	7811008	15	0.234375	5	1	0.0239234	
float	512	128	128	8388608	2	509	2	125	2	125	5	167772160	kPinned	kNone	k1D	kNone	7811008	15	0.46875	5	1	0.0139626	
double	512	128	128	8388608	2	509	2	125	2	125	5	335544320	kPinned	kNone	k1D	kNone	7811008	15	0.234375	5	1	0.0246653	
float	512	128	128	8388608	2	509	2	125	2	125	5	167772160	kUVM	kNone	kNaive	kNone	7811008	15	0.46875	5	1	0.0132632	
double	512	128	128	8388608	2	509	2	125	2	125	5	335544320	kUVM	kNone	kNaive	kNone	7811008	15	0.234375	5	1	0.0239468	
float	512	128	128	8388608	2	509	2	125	2	125	5	167772160	kUVM	kNone	k1D	kNone	7811008	15	0.46875	5	1	0.0139626	
double	512	128	128	8388608	2	509	2	125	2	125	5	335544320	kUVM	kNone	k1D	kNone	7811008	15	0.234375	5	1	0.024678	
float	512	128	128	8388608	2	509	2	125	2	125	5	167772160	kMalloc	kNone	kNaive	kNone	7811008	15	0.46875	5	1	0.0134422	
double	512	128	128	8388608	2	509	2	125	2	125	5	335544320	kMalloc	kNone	kNaive	kNone	7811008	15	0.234375	5	1	0.0246686	
float	512	128	128	8388608	2	509	2	125	2	125	5	167772160	kMalloc	kNone	k1D	kNone	7811008	15	0.46875	5	1	0.0143754	
double	512	128	128	8388608	2	509	2	125	2	125	5	335544320	kMalloc	kNone	k1D	kNone	7811008	15	0.234375	5	1	0.0247862	
float	512	128	128	8388608	2	509	2	125	2	125	5	167772160	kPinned	kNone	kNaive	kNone	7811008	15	0.46875	5	1	0.0134479	
double	512	128	128	8388608	2	509	2	125	2	125	5	335544320	kPinned	kNone	kNaive	kNone	7811008	15	0.234375	5	1	0.0246591	
float	512	128	128	8388608	2	509	2	125	2	125	5	167772160	kPinned	kNone	k1D	kNone	7811008	15	0.46875	5	1	0.0142289	
double	512	128	128	8388608	2	509	2	125	2	125	5	335544320	kPinned	kNone	k1D	kNone	7811008	15	0.234375	5	1	0.0248482	
float	512	128	128	8388608	2	509	2	125	2	125	5	167772160	kUVM	kNone	kNaive	kNone	7811008	15	0.46875	5	1	0.0134534	
double	512	128	128	8388608	2	509	2	125	2	125	5	335544320	kUVM	kNone	kNaive	kNone	7811008	15	0.234375	5	1	0.024655	
float	512	128	128	8388608	2	509	2	125	2	125	5	167772160	kUVM	kNone	k1D	kNone	7811008	15	0.46875	5	1	0.0142271	
double	512	128	128	8388608	2	509	2	125	2	125	5	335544320	kUVM	kNone	k1D	kNone	7811008	15	0.234375	5	1	0.0248553	
